consistency: 100
energy: 9.765528727698591
frequency: 77324.33678078277
iterations: 100
min_successful_torque: 1.0
reduced_torque_limit: 6
sensitivity: 36
smoothness: 0.07895010776278141
robustness: 100
swingup_time: 2.909999999999981
