consistency: 1
energy: 2.1839988204367096
frequency: 1629488.7334887336
iterations: 100
min_successful_torque: .inf
reduced_torque_limit: 0
sensitivity: 0
smoothness: 0.04316080328041417
robustness: 0
swingup_time: .inf
