gravity: 9.81
length: 0.5
n_actuators: 1
torque_limit: 1.5
gr: 6
kp: 0
kd: 0
mass: 0.6755 #0.57288
inertia: None 
damping: 0.35
dt: 0.00125 #0.01
runtime: 20

#energy shaping scaling
k: 1.0
n: 2000
