consistency: 100
energy: 11.556128537302909
frequency: 28410.534301506446
iterations: 100
min_successful_torque: 1.5
reduced_torque_limit: 5
sensitivity: 64
smoothness: 0.017886673746402303
robustness: 42
swingup_time: 8.478221980276912
