consistency: 100
energy: 7.623945200449843
frequency: 1667.3480275120312
iterations: 100
min_successful_torque: 1.0
reduced_torque_limit: 6
sensitivity: 79
smoothness: 0.3602506566309649
robustness: 100
swingup_time: 2.5299999999999905
