consistency: 100
energy: 8.343223338492676
frequency: 28720.634355441733
iterations: 100
min_successful_torque: 1.5
reduced_torque_limit: 5
sensitivity: 70
smoothness: 0.019468724437912394
robustness: 54
swingup_time: 2.95999999999998
